4929142019708452
4485831369744952
4929069438357182365
6011137118914245
6011696484785281
6011975705373460357
30072587694988
30161296977360
30279031341195
4026235870984121
4844124663974699
4175003078394777
5290440953918725
5461478085438637
5590858069878045
3534799685912020
3533694810263020
3534460866614010421
36418622901371
36126773073649
36093199839914
6389897208030608
6392813703931252
6395322351641962
344913943704543
376811716224759
377202283280177
5552454073930166
5458191166023161
6762361262422703
6304454056020885
5018379139717422
69
6901